{
 "cells": [
  {
   "cell_type": "markdown",
   "metadata": {},
   "source": [
    "### Using Rbdyn and SpaceVecAlg\n",
    "1. The library comes with python bindings using cython transcription. Thus, fast prototyping can be done to verify algorithms using the provide python functions.\n",
    "\n",
    "2. To setup the libraries, we will need to install some common components first.\n",
    "<br>`sudo apt install apt-transport-https lsb-release`\n",
    "\n",
    "3. *Eigen3ToPython*\n",
    "<br>1) `sudo apt-key adv --keyserver 'hkp://keyserver.ubuntu.com:80' --recv-key 892EA6EE273707C6495A6FB6220D644C64666806`\n",
    "<br>2) `sudo sh -c 'echo \"deb https://dl.bintray.com/gergondet/multi-contact-release $(lsb_release -sc) main\" | sudo tee -a /etc/apt/sources.list.d/multi-contact.list'`\n",
    "<br>3) `sudo apt update && sudo apt install python-eigen python3-eigen`\n",
    "\n",
    "4. *SpaceVecAlg*\n",
    "<br>1) `sudo apt update && sudo apt install libspacevecalg-dev python-spacevecalg python3-spacevecalg`\n",
    "\n",
    "5. *RBdyn*\n",
    "<br>1) `sudo apt update && sudo apt install librbdyn-dev python-rbdyn python3-rbdyn`"
   ]
  },
  {
   "cell_type": "code",
   "execution_count": null,
   "metadata": {},
   "outputs": [
    {
     "name": "stdout",
     "output_type": "stream",
     "text": [
      "Imported lbr_iiwa\n",
      "-0.330072\n",
      "-0.888205\n",
      "-0.964839\n",
      " 0.347583 -0.911883    0.2183  0.330072\n",
      " 0.894253  0.392395  0.215262  0.888205\n",
      "-0.281954  0.120394  0.951844  0.964839\n",
      "        0         0         0         1\n",
      "-0.330067\n",
      "-0.888201\n",
      "-0.964822\n",
      "  0.34758 -0.911881  0.218313  0.330067\n",
      " 0.894249  0.392397  0.215273  0.888201\n",
      "-0.281969  0.120402  0.951839  0.964822\n",
      "        0         0         0         1\n",
      "-0.330061\n",
      "-0.888193\n",
      " -0.96479\n",
      " 0.347576 -0.911877  0.218337  0.330061\n",
      " 0.894242  0.392403  0.215294  0.888193\n",
      "-0.281997  0.120415  0.951829   0.96479\n",
      "        0         0         0         1\n",
      "-0.330055\n",
      "-0.888181\n",
      "-0.964744\n",
      " 0.347574  -0.91187  0.218369  0.330055\n",
      "  0.89423  0.392414  0.215323  0.888181\n",
      "-0.282037  0.120432  0.951815  0.964744\n",
      "        0         0         0         1\n",
      " -0.33005\n",
      "-0.888163\n",
      "-0.964687\n",
      " 0.347574 -0.911861  0.218409   0.33005\n",
      " 0.894214  0.392431  0.215359  0.888163\n",
      "-0.282088  0.120451  0.951797  0.964687\n",
      "        0         0         0         1\n",
      "-0.330047\n",
      "-0.888142\n",
      " -0.96462\n",
      " 0.347578 -0.911848  0.218454  0.330047\n",
      " 0.894194  0.392453  0.215401  0.888142\n",
      "-0.282146  0.120472  0.951777   0.96462\n",
      "        0         0         0         1\n",
      "-0.330046\n",
      "-0.888116\n",
      "-0.964544\n",
      " 0.347586 -0.911833  0.218504  0.330046\n",
      "  0.89417  0.392481  0.215449  0.888116\n",
      "-0.282212  0.120493  0.951755  0.964544\n",
      "        0         0         0         1\n",
      "-0.330048\n",
      "-0.888087\n",
      " -0.96446\n",
      " 0.347598 -0.911816  0.218557  0.330048\n",
      " 0.894143  0.392515  0.215501  0.888087\n",
      "-0.282285  0.120514  0.951731   0.96446\n",
      "        0         0         0         1\n",
      "-0.330052\n",
      "-0.888054\n",
      " -0.96437\n",
      " 0.347614 -0.911796  0.218613  0.330052\n",
      " 0.894112  0.392554  0.215557  0.888054\n",
      "-0.282362  0.120534  0.951706   0.96437\n",
      "        0         0         0         1\n",
      " -0.33006\n",
      "-0.888017\n",
      "-0.964274\n",
      " 0.347635 -0.911775   0.21867   0.33006\n",
      " 0.894078  0.392599  0.215617  0.888017\n",
      "-0.282443  0.120552  0.951679  0.964274\n",
      "        0         0         0         1\n",
      "-0.330071\n",
      "-0.887976\n",
      "-0.964174\n",
      " 0.347662 -0.911751  0.218727  0.330071\n",
      " 0.894041  0.392649  0.215678  0.887976\n",
      "-0.282528  0.120568  0.951652  0.964174\n",
      "        0         0         0         1\n",
      "-0.330085\n",
      "-0.887933\n",
      " -0.96407\n",
      " 0.347693 -0.911725  0.218784  0.330085\n",
      " 0.894001  0.392705  0.215742  0.887933\n",
      "-0.282615  0.120581  0.951624   0.96407\n",
      "        0         0         0         1\n",
      "-0.330104\n",
      "-0.887886\n",
      "-0.963963\n",
      "  0.34773 -0.911698   0.21884  0.330104\n",
      " 0.893959  0.392766  0.215807  0.887886\n",
      "-0.282704  0.120591  0.951597  0.963963\n",
      "        0         0         0         1\n",
      "-0.330126\n",
      "-0.887836\n",
      "-0.963854\n",
      " 0.347773 -0.911668  0.218895  0.330126\n",
      " 0.893913  0.392833  0.215874  0.887836\n",
      "-0.282794  0.120598  0.951569  0.963854\n",
      "        0         0         0         1\n",
      "-0.330152\n",
      "-0.887783\n",
      "-0.963742\n",
      " 0.347822 -0.911637  0.218948  0.330152\n",
      " 0.893865  0.392905  0.215941  0.887783\n",
      "-0.282885  0.120601  0.951542  0.963742\n",
      "        0         0         0         1\n",
      "-0.330183\n",
      "-0.887727\n",
      "-0.963629\n",
      " 0.347877 -0.911604  0.218998  0.330183\n",
      " 0.893815  0.392982  0.216009  0.887727\n",
      "-0.282977  0.120599  0.951515  0.963629\n",
      "        0         0         0         1\n",
      "-0.330218\n",
      "-0.887668\n",
      "-0.963515\n",
      " 0.347938 -0.911569  0.219045  0.330218\n",
      " 0.893763  0.393064  0.216077  0.887668\n",
      "-0.283067  0.120593  0.951488  0.963515\n",
      "        0         0         0         1\n",
      "-0.330257\n",
      "-0.887607\n",
      "-0.963401\n",
      " 0.348006 -0.911533  0.219089  0.330257\n",
      " 0.893708  0.393151  0.216144  0.887607\n",
      "-0.283158  0.120582  0.951463  0.963401\n",
      "        0         0         0         1\n",
      "-0.330301\n",
      "-0.887543\n",
      "-0.963287\n",
      " 0.348079 -0.911495  0.219129  0.330301\n",
      " 0.893651  0.393244  0.216212  0.887543\n",
      "-0.283247  0.120566  0.951438  0.963287\n",
      "        0         0         0         1\n",
      "-0.330349\n",
      "-0.887476\n",
      "-0.963172\n",
      " 0.348159 -0.911456  0.219165  0.330349\n",
      " 0.893592  0.393341  0.216279  0.887476\n",
      "-0.283335  0.120545  0.951415  0.963172\n",
      "        0         0         0         1\n",
      "-0.330403\n",
      "-0.887407\n",
      "-0.963058\n",
      " 0.348246 -0.911415  0.219198  0.330403\n",
      "  0.89353  0.393444  0.216345  0.887407\n",
      "-0.283422  0.120518  0.951392  0.963058\n",
      "        0         0         0         1\n",
      " -0.33046\n",
      "-0.887336\n",
      "-0.962945\n",
      " 0.348339 -0.911373  0.219225   0.33046\n",
      " 0.893467  0.393552   0.21641  0.887336\n",
      "-0.283507  0.120486  0.951371  0.962945\n",
      "        0         0         0         1\n",
      "-0.330523\n",
      "-0.887262\n",
      "-0.962833\n",
      " 0.348439 -0.911329  0.219248  0.330523\n",
      " 0.893402  0.393664  0.216475  0.887262\n",
      " -0.28359  0.120449  0.951351  0.962833\n",
      "        0         0         0         1\n",
      "-0.330591\n",
      "-0.887186\n",
      "-0.962722\n",
      " 0.348545 -0.911284  0.219266  0.330591\n",
      " 0.893335  0.393782  0.216538  0.887186\n",
      " -0.28367  0.120405  0.951333  0.962722\n",
      "        0         0         0         1\n",
      "-0.330663\n",
      "-0.887107\n",
      "-0.962612\n",
      " 0.348659 -0.911237   0.21928  0.330663\n",
      " 0.893266  0.393905  0.216599  0.887107\n",
      "-0.283749  0.120356  0.951315  0.962612\n",
      "        0         0         0         1\n",
      "-0.330741\n",
      "-0.887026\n",
      "-0.962503\n",
      " 0.348778  -0.91119  0.219288  0.330741\n",
      " 0.893195  0.394032   0.21666  0.887026\n",
      "-0.283825    0.1203    0.9513  0.962503\n",
      "        0         0         0         1\n",
      "-0.330823\n",
      "-0.886943\n",
      "-0.962396\n",
      " 0.348905  -0.91114  0.219291  0.330823\n",
      " 0.893122  0.394165  0.216719  0.886943\n",
      "-0.283898  0.120239  0.951286  0.962396\n",
      "        0         0         0         1\n",
      " -0.33091\n",
      "-0.886858\n",
      "-0.962291\n",
      " 0.349038  -0.91109  0.219288   0.33091\n",
      " 0.893048  0.394302  0.216776  0.886858\n",
      "-0.283968  0.120172  0.951273  0.962291\n",
      "        0         0         0         1\n",
      "-0.331003\n",
      " -0.88677\n",
      "-0.962188\n",
      " 0.349179 -0.911038   0.21928  0.331003\n",
      " 0.892971  0.394444  0.216832   0.88677\n",
      "-0.284036  0.120098  0.951262  0.962188\n",
      "        0         0         0         1\n",
      "  -0.3311\n",
      "-0.886681\n",
      "-0.962086\n",
      " 0.349325 -0.910985  0.219267    0.3311\n",
      " 0.892893  0.394591  0.216886  0.886681\n",
      "-0.284101  0.120018  0.951253  0.962086\n",
      "        0         0         0         1\n",
      "-0.331202\n",
      "-0.886589\n",
      "-0.961987\n",
      " 0.349479 -0.910931  0.219248  0.331202\n",
      " 0.892813  0.394743  0.216939  0.886589\n",
      "-0.284163  0.119932  0.951245  0.961987\n",
      "        0         0         0         1\n",
      " -0.33131\n",
      "-0.886495\n",
      " -0.96189\n",
      "  0.34964 -0.910875  0.219223   0.33131\n",
      " 0.892732  0.394899  0.216989  0.886495\n",
      "-0.284221  0.119839   0.95124   0.96189\n",
      "        0         0         0         1\n",
      "-0.331422\n",
      "  -0.8864\n",
      "-0.961794\n",
      " 0.349807 -0.910818  0.219193  0.331422\n",
      " 0.892649   0.39506  0.217038    0.8864\n",
      "-0.284277  0.119741  0.951235  0.961794\n",
      "        0         0         0         1\n",
      " -0.33154\n",
      "-0.886302\n",
      "-0.961701\n",
      " 0.349981  -0.91076  0.219157   0.33154\n",
      " 0.892564  0.395226  0.217085  0.886302\n",
      "-0.284329  0.119636  0.951233  0.961701\n",
      "        0         0         0         1\n",
      "-0.331663\n",
      "-0.886202\n",
      " -0.96161\n",
      " 0.350162   -0.9107  0.219115  0.331663\n",
      " 0.892477  0.395397   0.21713  0.886202\n",
      "-0.284378  0.119524  0.951232   0.96161\n",
      "        0         0         0         1\n",
      " -0.33179\n",
      "  -0.8861\n",
      "-0.961522\n",
      "  0.35035  -0.91064  0.219067   0.33179\n",
      " 0.892389  0.395573  0.217174    0.8861\n",
      "-0.284424  0.119406  0.951234  0.961522\n",
      "        0         0         0         1\n",
      "-0.331923\n",
      "-0.885996\n",
      "-0.961436\n",
      " 0.350545 -0.910578  0.219013  0.331923\n",
      " 0.892299  0.395753  0.217215  0.885996\n",
      "-0.284466  0.119282  0.951236  0.961436\n",
      "        0         0         0         1\n",
      "-0.332061\n",
      " -0.88589\n",
      "-0.961352\n",
      " 0.350746 -0.910514  0.218954  0.332061\n",
      " 0.892207  0.395938  0.217254   0.88589\n",
      "-0.284505  0.119151  0.951241  0.961352\n",
      "        0         0         0         1\n",
      "-0.332204\n",
      "-0.885782\n",
      " -0.96127\n",
      " 0.350954  -0.91045  0.218888  0.332204\n",
      " 0.892114  0.396127  0.217292  0.885782\n",
      "-0.284541  0.119014  0.951248   0.96127\n",
      "        0         0         0         1\n",
      "-0.332352\n",
      "-0.885673\n",
      "-0.961191\n",
      " 0.351169 -0.910384  0.218817  0.332352\n",
      " 0.892019  0.396321  0.217327  0.885673\n",
      "-0.284573   0.11887  0.951256  0.961191\n",
      "        0         0         0         1\n",
      "-0.332505\n",
      "-0.885561\n",
      "-0.961114\n",
      " 0.351391 -0.910317  0.218739  0.332505\n",
      " 0.891923   0.39652   0.21736  0.885561\n",
      "-0.284601   0.11872  0.951266  0.961114\n",
      "        0         0         0         1\n",
      "-0.332664\n",
      "-0.885447\n",
      " -0.96104\n",
      " 0.351619 -0.910249  0.218656  0.332664\n",
      " 0.891825  0.396723  0.217392  0.885447\n",
      "-0.284627  0.118564  0.951278   0.96104\n",
      "        0         0         0         1\n",
      "-0.332827\n",
      "-0.885332\n",
      "-0.960968\n",
      " 0.351854  -0.91018  0.218567  0.332827\n",
      " 0.891725  0.396931  0.217421  0.885332\n",
      "-0.284648  0.118401  0.951292  0.960968\n",
      "        0         0         0         1\n",
      "-0.332995\n",
      "-0.885214\n",
      "-0.960899\n",
      " 0.352096 -0.910109  0.218471  0.332995\n",
      " 0.891624  0.397143  0.217449  0.885214\n",
      "-0.284666  0.118231  0.951308  0.960899\n",
      "        0         0         0         1\n",
      "-0.333169\n",
      "-0.885095\n",
      "-0.960832\n",
      " 0.352345 -0.910037   0.21837  0.333169\n",
      " 0.891521   0.39736  0.217474  0.885095\n",
      "-0.284681  0.118055  0.951325  0.960832\n",
      "        0         0         0         1\n",
      "-0.333347\n",
      "-0.884974\n",
      "-0.960768\n",
      "   0.3526 -0.909964  0.218262  0.333347\n",
      " 0.891417  0.397582  0.217497  0.884974\n",
      "-0.284692  0.117873  0.951345  0.960768\n",
      "        0         0         0         1\n",
      "-0.333531\n",
      "-0.884851\n",
      "-0.960706\n",
      "0.352862 -0.90989 0.218149 0.333531\n",
      "0.891311 0.397808 0.217519 0.884851\n",
      " -0.2847 0.117684 0.951366 0.960706\n",
      "       0        0        0        1\n",
      "-0.333719\n",
      "-0.884726\n",
      "-0.960647\n",
      " 0.353131 -0.909814   0.21803  0.333719\n",
      " 0.891203  0.398038  0.217538  0.884726\n",
      "-0.284703  0.117489  0.951389  0.960647\n",
      "        0         0         0         1\n",
      "-0.333912\n",
      "-0.884599\n",
      " -0.96059\n",
      " 0.353406 -0.909737  0.217904  0.333912\n",
      " 0.891094  0.398273  0.217556  0.884599\n",
      "-0.284704  0.117288  0.951413   0.96059\n",
      "        0         0         0         1\n",
      "-0.334111\n",
      " -0.88447\n",
      "-0.960536\n",
      " 0.353687 -0.909659  0.217773  0.334111\n",
      " 0.890983  0.398512  0.217571   0.88447\n",
      "  -0.2847   0.11708   0.95144  0.960536\n",
      "        0         0         0         1\n",
      "-0.334314\n",
      " -0.88434\n",
      "-0.960484\n",
      " 0.353976  -0.90958  0.217635  0.334314\n",
      " 0.890871  0.398756  0.217584   0.88434\n",
      "-0.284694  0.116865  0.951468  0.960484\n",
      "        0         0         0         1\n",
      "-0.334523\n",
      "-0.884208\n",
      "-0.960435\n",
      " 0.354271   -0.9095  0.217491  0.334523\n",
      " 0.890757  0.399004  0.217596  0.884208\n",
      "-0.284683  0.116644  0.951499  0.960435\n",
      "        0         0         0         1\n",
      "-0.334736\n",
      "-0.884074\n",
      "-0.960388\n",
      " 0.354572 -0.909418  0.217342  0.334736\n",
      " 0.890641  0.399257  0.217605  0.884074\n",
      "-0.284669  0.116417  0.951531  0.960388\n",
      "        0         0         0         1\n"
     ]
    },
    {
     "name": "stdout",
     "output_type": "stream",
     "text": [
      "-0.334954\n",
      "-0.883938\n",
      "-0.960344\n",
      "  0.35488 -0.909335  0.217186  0.334954\n",
      " 0.890524  0.399514  0.217612  0.883938\n",
      "-0.284651  0.116183  0.951565  0.960344\n",
      "        0         0         0         1\n",
      "-0.335177\n",
      "  -0.8838\n",
      "-0.960302\n",
      " 0.355195 -0.909251  0.217024  0.335177\n",
      " 0.890406  0.399775  0.217618    0.8838\n",
      " -0.28463  0.115943    0.9516  0.960302\n",
      "        0         0         0         1\n",
      "-0.335405\n",
      "-0.883661\n",
      "-0.960263\n",
      " 0.355515 -0.909166  0.216856  0.335405\n",
      " 0.890286   0.40004  0.217621  0.883661\n",
      "-0.284605  0.115696  0.951638  0.960263\n",
      "        0         0         0         1\n",
      "-0.335638\n",
      " -0.88352\n",
      "-0.960227\n",
      " 0.355843 -0.909079  0.216682  0.335638\n",
      " 0.890164   0.40031  0.217623   0.88352\n",
      "-0.284576  0.115443  0.951677  0.960227\n",
      "        0         0         0         1\n",
      "-0.335875\n",
      "-0.883377\n",
      "-0.960192\n",
      " 0.356177 -0.908991  0.216502  0.335875\n",
      " 0.890041  0.400584  0.217622  0.883377\n",
      "-0.284544  0.115183  0.951718  0.960192\n",
      "        0         0         0         1\n",
      "-0.336118\n",
      "-0.883232\n",
      "-0.960161\n",
      " 0.356517 -0.908902  0.216316  0.336118\n",
      " 0.889916  0.400862   0.21762  0.883232\n",
      "-0.284508  0.114918  0.951761  0.960161\n",
      "        0         0         0         1\n",
      "-0.336365\n",
      "-0.883086\n",
      "-0.960132\n",
      " 0.356863 -0.908812  0.216123  0.336365\n",
      "  0.88979  0.401145  0.217616  0.883086\n",
      "-0.284468  0.114645  0.951806  0.960132\n",
      "        0         0         0         1\n",
      "-0.336617\n",
      "-0.882937\n",
      "-0.960105\n",
      " 0.357216 -0.908721  0.215925  0.336617\n",
      " 0.889662  0.401431   0.21761  0.882937\n",
      "-0.284425  0.114366  0.951852  0.960105\n",
      "        0         0         0         1\n",
      "-0.336873\n",
      "-0.882788\n",
      "-0.960081\n",
      " 0.357575 -0.908628   0.21572  0.336873\n",
      " 0.889533  0.401722  0.217601  0.882788\n",
      "-0.284378  0.114081    0.9519  0.960081\n",
      "        0         0         0         1\n",
      "-0.337135\n",
      "-0.882636\n",
      "-0.960059\n",
      " 0.357941 -0.908534  0.215509  0.337135\n",
      " 0.889402  0.402017  0.217591  0.882636\n",
      "-0.284328   0.11379  0.951951  0.960059\n",
      "        0         0         0         1\n",
      "-0.337401\n",
      "-0.882483\n",
      " -0.96004\n",
      " 0.358312 -0.908439  0.215292  0.337401\n",
      "  0.88927  0.402316  0.217579  0.882483\n",
      "-0.284273  0.113492  0.952002   0.96004\n",
      "        0         0         0         1\n",
      "-0.337671\n",
      "-0.882328\n",
      "-0.960024\n",
      "  0.35869 -0.908343  0.215069  0.337671\n",
      " 0.889136  0.402619  0.217566  0.882328\n",
      "-0.284215  0.113187  0.952056  0.960024\n",
      "        0         0         0         1\n",
      "-0.337947\n",
      "-0.882171\n",
      " -0.96001\n",
      " 0.359074 -0.908245   0.21484  0.337947\n",
      " 0.889001  0.402926   0.21755  0.882171\n",
      "-0.284153  0.112876  0.952111   0.96001\n",
      "        0         0         0         1\n",
      "-0.338226\n",
      "-0.882013\n",
      "-0.959998\n",
      " 0.359465 -0.908147  0.214604  0.338226\n",
      " 0.888864  0.403237  0.217532  0.882013\n",
      "-0.284088  0.112559  0.952168  0.959998\n",
      "        0         0         0         1\n",
      "-0.338511\n",
      "-0.881853\n",
      "-0.959989\n",
      " 0.359861 -0.908047  0.214362  0.338511\n",
      " 0.888726  0.403552  0.217513  0.881853\n",
      "-0.284018  0.112235  0.952227  0.959989\n",
      "        0         0         0         1\n",
      "  -0.3388\n",
      "-0.881691\n",
      "-0.959982\n",
      " 0.360263 -0.907946  0.214114    0.3388\n",
      " 0.888586  0.403871  0.217492  0.881691\n",
      "-0.283945  0.111905  0.952288  0.959982\n",
      "        0         0         0         1\n",
      "-0.339093\n",
      "-0.881528\n",
      "-0.959978\n",
      " 0.360672 -0.907843   0.21386  0.339093\n",
      " 0.888445  0.404194  0.217469  0.881528\n",
      "-0.283869  0.111568   0.95235  0.959978\n",
      "        0         0         0         1\n",
      "-0.339391\n",
      "-0.881363\n",
      "-0.959977\n",
      " 0.361087  -0.90774    0.2136  0.339391\n",
      " 0.888302  0.404521  0.217444  0.881363\n",
      "-0.283788  0.111225  0.952414  0.959977\n",
      "        0         0         0         1\n",
      "-0.339694\n",
      "-0.881196\n",
      "-0.959978\n",
      " 0.361507 -0.907635  0.213333  0.339694\n",
      " 0.888158  0.404852  0.217417  0.881196\n",
      "-0.283704  0.110875   0.95248  0.959978\n",
      "        0         0         0         1\n",
      "-0.340001\n",
      "-0.881028\n",
      "-0.959981\n",
      " 0.361934 -0.907529   0.21306  0.340001\n",
      " 0.888012  0.405187  0.217389  0.881028\n",
      "-0.283616  0.110519  0.952548  0.959981\n",
      "        0         0         0         1\n",
      "-0.340312\n",
      "-0.880858\n",
      "-0.959987\n",
      " 0.362367 -0.907422   0.21278  0.340312\n",
      " 0.887865  0.405525  0.217359  0.880858\n",
      "-0.283524  0.110156  0.952617  0.959987\n",
      "        0         0         0         1\n",
      "-0.340628\n",
      "-0.880687\n",
      "-0.959995\n",
      " 0.362805 -0.907314  0.212494  0.340628\n",
      " 0.887717  0.405867  0.217327  0.880687\n",
      "-0.283428  0.109787  0.952688  0.959995\n",
      "        0         0         0         1\n",
      "-0.340947\n",
      "-0.880513\n",
      "-0.960006\n",
      "  0.36325 -0.907204  0.212202  0.340947\n",
      " 0.887567  0.406213  0.217293  0.880513\n",
      "-0.283329  0.109412  0.952761  0.960006\n",
      "        0         0         0         1\n",
      "-0.341272\n",
      "-0.880339\n",
      "-0.960019\n",
      "   0.3637 -0.907094  0.211904  0.341272\n",
      " 0.887415  0.406563  0.217258  0.880339\n",
      "-0.283226   0.10903  0.952836  0.960019\n",
      "        0         0         0         1\n",
      "  -0.3416\n",
      "-0.880163\n",
      "-0.960035\n",
      " 0.364156 -0.906982  0.211599    0.3416\n",
      " 0.887262  0.406916  0.217221  0.880163\n",
      "-0.283118  0.108641  0.952912  0.960035\n",
      "        0         0         0         1\n",
      "-0.341933\n",
      "-0.879985\n",
      "-0.960053\n",
      " 0.364618 -0.906869  0.211287  0.341933\n",
      " 0.887108  0.407273  0.217182  0.879985\n",
      "-0.283007  0.108246   0.95299  0.960053\n",
      "        0         0         0         1\n",
      " -0.34227\n",
      "-0.879806\n",
      "-0.960074\n",
      " 0.365086 -0.906755  0.210969   0.34227\n",
      " 0.886952  0.407634  0.217142  0.879806\n",
      "-0.282892  0.107844   0.95307  0.960074\n",
      "        0         0         0         1\n",
      "-0.342611\n",
      "-0.879625\n",
      "-0.960097\n",
      " 0.365559  -0.90664  0.210645  0.342611\n",
      " 0.886795  0.407998  0.217099  0.879625\n",
      "-0.282774  0.107436  0.953151  0.960097\n",
      "        0         0         0         1\n",
      "-0.342956\n",
      "-0.879443\n",
      "-0.960123\n",
      " 0.366038 -0.906523  0.210314  0.342956\n",
      " 0.886637  0.408366  0.217056  0.879443\n",
      "-0.282651  0.107021  0.953234  0.960123\n",
      "        0         0         0         1\n",
      "-0.343305\n",
      "-0.879259\n",
      "-0.960151\n",
      " 0.366523 -0.906405  0.209976  0.343305\n",
      " 0.886477  0.408737   0.21701  0.879259\n",
      "-0.282524    0.1066  0.953319  0.960151\n",
      "        0         0         0         1\n",
      "-0.343658\n",
      "-0.879074\n",
      "-0.960182\n",
      " 0.367014 -0.906287  0.209632  0.343658\n",
      " 0.886315  0.409111  0.216963  0.879074\n",
      "-0.282394  0.106172  0.953405  0.960182\n",
      "        0         0         0         1\n",
      "-0.344016\n",
      "-0.878887\n",
      "-0.960215\n",
      "  0.36751 -0.906167  0.209282  0.344016\n",
      " 0.886153   0.40949  0.216914  0.878887\n",
      "-0.282259  0.105737  0.953493  0.960215\n",
      "        0         0         0         1\n",
      "-0.344377\n",
      "-0.878698\n",
      "-0.960251\n",
      " 0.368011 -0.906045  0.208924  0.344377\n",
      " 0.885988  0.409871  0.216864  0.878698\n",
      "-0.282121  0.105296  0.953583  0.960251\n",
      "        0         0         0         1\n",
      "-0.344742\n",
      "-0.878509\n",
      "-0.960289\n",
      " 0.368518 -0.905923  0.208561  0.344742\n",
      " 0.885823  0.410256  0.216812  0.878509\n",
      "-0.281979  0.104848  0.953674  0.960289\n",
      "        0         0         0         1\n",
      "-0.345111\n",
      "-0.878317\n",
      "-0.960329\n",
      " 0.369031   -0.9058   0.20819  0.345111\n",
      " 0.885656  0.410644  0.216759  0.878317\n",
      "-0.281832  0.104394  0.953768  0.960329\n",
      "        0         0         0         1\n",
      "-0.345484\n",
      "-0.878125\n",
      "-0.960372\n",
      " 0.369549 -0.905675  0.207813  0.345484\n",
      " 0.885488  0.411036  0.216704  0.878125\n",
      "-0.281682  0.103933  0.953862  0.960372\n",
      "        0         0         0         1\n",
      "-0.345861\n",
      "-0.877931\n",
      "-0.960418\n",
      " 0.370073 -0.905549  0.207428  0.345861\n",
      " 0.885318  0.411431  0.216647  0.877931\n",
      "-0.281527  0.103465  0.953959  0.960418\n",
      "        0         0         0         1\n",
      "-0.346242\n",
      "-0.877735\n",
      "-0.960466\n",
      " 0.370602 -0.905423  0.207038  0.346242\n",
      " 0.885148  0.411829  0.216589  0.877735\n",
      "-0.281369  0.102991  0.954057  0.960466\n",
      "        0         0         0         1\n",
      "-0.346626\n",
      "-0.877538\n",
      "-0.960517\n",
      " 0.371136 -0.905295   0.20664  0.346626\n",
      " 0.884975   0.41223   0.21653  0.877538\n",
      "-0.281206  0.102509  0.954157  0.960517\n",
      "        0         0         0         1\n",
      "-0.347014\n",
      " -0.87734\n",
      " -0.96057\n",
      " 0.371675 -0.905165  0.206235  0.347014\n",
      " 0.884802  0.412635  0.216469   0.87734\n",
      " -0.28104  0.102021  0.954258   0.96057\n",
      "        0         0         0         1\n",
      "-0.347406\n",
      " -0.87714\n",
      "-0.960625\n",
      "  0.37222 -0.905035  0.205824  0.347406\n",
      " 0.884627  0.413042  0.216406   0.87714\n",
      "-0.280869  0.101527  0.954361  0.960625\n",
      "        0         0         0         1\n",
      "-0.347802\n",
      "-0.876939\n",
      "-0.960683\n",
      "  0.37277 -0.904904  0.205406  0.347802\n",
      " 0.884451  0.413453  0.216342  0.876939\n",
      "-0.280694  0.101025  0.954466  0.960683\n",
      "        0         0         0         1\n",
      "-0.348201\n",
      "-0.876737\n",
      "-0.960744\n",
      " 0.373326 -0.904771   0.20498  0.348201\n",
      " 0.884273  0.413866  0.216276  0.876737\n",
      "-0.280515  0.100517  0.954572  0.960744\n",
      "        0         0         0         1\n",
      "-0.348603\n",
      "-0.876533\n",
      "-0.960807\n",
      " 0.373886 -0.904638  0.204548  0.348603\n",
      " 0.884094  0.414283  0.216209  0.876533\n",
      "-0.280332  0.100002   0.95468  0.960807\n",
      "        0         0         0         1\n",
      "-0.349009\n",
      "-0.876328\n",
      "-0.960873\n",
      " 0.374452 -0.904503  0.204109  0.349009\n",
      " 0.883914  0.414703  0.216141  0.876328\n",
      "-0.280145   0.09948  0.954789  0.960873\n",
      "        0         0         0         1\n",
      "-0.349419\n",
      "-0.876122\n",
      "-0.960941\n",
      " 0.375023 -0.904367  0.203662  0.349419\n",
      " 0.883733  0.415125  0.216071  0.876122\n",
      "-0.279953 0.0989513    0.9549  0.960941\n",
      "        0         0         0         1\n",
      "-0.349832\n",
      "-0.875914\n",
      "-0.961011\n",
      " 0.375599  -0.90423  0.203209  0.349832\n",
      "  0.88355  0.415551     0.216  0.875914\n",
      "-0.279757 0.0984157  0.955013  0.961011\n",
      "        0         0         0         1\n",
      "-0.350248\n",
      "-0.875705\n",
      "-0.961084\n",
      "  0.37618 -0.904092  0.202748  0.350248\n",
      " 0.883367  0.415979  0.215928  0.875705\n",
      "-0.279557 0.0978732  0.955127  0.961084\n",
      "        0         0         0         1\n",
      "-0.350668\n",
      "-0.875495\n",
      " -0.96116\n",
      " 0.376766 -0.903953   0.20228  0.350668\n",
      " 0.883181   0.41641  0.215854  0.875495\n",
      "-0.279353 0.0973238  0.955243   0.96116\n",
      "        0         0         0         1\n",
      "-0.351091\n",
      "-0.875283\n",
      "-0.961238\n",
      " 0.377357 -0.903812  0.201805  0.351091\n",
      " 0.882995  0.416844  0.215778  0.875283\n",
      "-0.279145 0.0967675  0.955361  0.961238\n",
      "        0         0         0         1\n",
      "-0.351518\n",
      " -0.87507\n",
      "-0.961319\n",
      " 0.377952 -0.903671  0.201323  0.351518\n",
      " 0.882808  0.417281  0.215702   0.87507\n",
      "-0.278932 0.0962042   0.95548  0.961319\n",
      "        0         0         0         1\n",
      "-0.351948\n",
      "-0.874856\n",
      "-0.961402\n",
      " 0.378553 -0.903528  0.200833  0.351948\n",
      " 0.882619  0.417721  0.215624  0.874856\n",
      "-0.278715  0.095634  0.955601  0.961402\n",
      "        0         0         0         1\n",
      " -0.35238\n",
      "-0.874641\n",
      "-0.961488\n",
      " 0.379159 -0.903385  0.200336   0.35238\n",
      " 0.882429  0.418163  0.215545  0.874641\n",
      "-0.278493 0.0950568  0.955723  0.961488\n",
      "        0         0         0         1\n",
      "-0.352817\n",
      "-0.874424\n",
      "-0.961576\n",
      " 0.379769  -0.90324  0.199832  0.352817\n",
      " 0.882237  0.418608  0.215464  0.874424\n",
      "-0.278267 0.0944725  0.955846  0.961576\n",
      "        0         0         0         1\n",
      "-0.353256\n",
      "-0.874207\n",
      "-0.961667\n",
      " 0.380384 -0.903094   0.19932  0.353256\n",
      " 0.882045  0.419055  0.215382  0.874207\n",
      "-0.278037 0.0938813  0.955972  0.961667\n",
      "        0         0         0         1\n",
      "-0.353698\n",
      "-0.873988\n",
      " -0.96176\n",
      " 0.381004 -0.902947  0.198801  0.353698\n",
      " 0.881851  0.419505  0.215299  0.873988\n",
      "-0.277802 0.0932829  0.956098   0.96176\n",
      "        0         0         0         1\n",
      "-0.354143\n",
      "-0.873768\n",
      "-0.961856\n",
      " 0.381629 -0.902799  0.198274  0.354143\n",
      " 0.881657  0.419957  0.215215  0.873768\n",
      "-0.277563 0.0926775  0.956227  0.961856\n",
      "        0         0         0         1\n",
      "-0.354592\n",
      "-0.873547\n",
      "-0.961954\n",
      " 0.382258  -0.90265   0.19774  0.354592\n",
      " 0.881461  0.420412   0.21513  0.873547\n",
      "-0.277319  0.092065  0.956357  0.961954\n",
      "        0         0         0         1\n"
     ]
    },
    {
     "name": "stdout",
     "output_type": "stream",
     "text": [
      "-0.355043\n",
      "-0.873324\n",
      "-0.962055\n",
      " 0.382892   -0.9025  0.197198  0.355043\n",
      " 0.881263   0.42087  0.215043  0.873324\n",
      "-0.277071 0.0914453  0.956488  0.962055\n",
      "        0         0         0         1\n",
      "-0.355497\n",
      "-0.873101\n",
      "-0.962158\n",
      " 0.383531 -0.902349  0.196649  0.355497\n",
      " 0.881065   0.42133  0.214955  0.873101\n",
      "-0.276818 0.0908185  0.956621  0.962158\n",
      "        0         0         0         1\n",
      "-0.355954\n",
      "-0.872876\n",
      "-0.962264\n",
      " 0.384174 -0.902196  0.196092  0.355954\n",
      " 0.880866  0.421792  0.214866  0.872876\n",
      "-0.276561 0.0901845  0.956755  0.962264\n",
      "        0         0         0         1\n",
      "-0.356414\n",
      " -0.87265\n",
      "-0.962373\n",
      " 0.384822 -0.902043  0.195527  0.356414\n",
      " 0.880665  0.422256  0.214776   0.87265\n",
      "-0.276299 0.0895434  0.956891  0.962373\n",
      "        0         0         0         1\n",
      "-0.356877\n",
      "-0.872423\n",
      "-0.962484\n",
      " 0.385474 -0.901888  0.194954  0.356877\n",
      " 0.880463  0.422723  0.214684  0.872423\n",
      "-0.276033 0.0888949  0.957028  0.962484\n",
      "        0         0         0         1\n",
      "-0.357342\n",
      "-0.872195\n",
      "-0.962598\n",
      "  0.38613 -0.901733  0.194374  0.357342\n",
      " 0.880261  0.423192  0.214592  0.872195\n",
      "-0.275762 0.0882393  0.957167  0.962598\n",
      "        0         0         0         1\n",
      "-0.357811\n",
      "-0.871966\n",
      "-0.962714\n",
      " 0.386791 -0.901576  0.193786  0.357811\n",
      " 0.880057  0.423664  0.214498  0.871966\n",
      "-0.275486 0.0875763  0.957308  0.962714\n",
      "        0         0         0         1\n",
      "-0.358281\n",
      "-0.871736\n",
      "-0.962833\n",
      " 0.387457 -0.901418  0.193189  0.358281\n",
      " 0.879852  0.424137  0.214403  0.871736\n",
      "-0.275206 0.0869061  0.957449  0.962833\n",
      "        0         0         0         1\n",
      "-0.358755\n",
      "-0.871505\n",
      "-0.962954\n",
      " 0.388127 -0.901259  0.192585  0.358755\n",
      " 0.879646  0.424613  0.214307  0.871505\n",
      "-0.274921 0.0862285  0.957592  0.962954\n",
      "        0         0         0         1\n",
      "-0.359231\n",
      "-0.871273\n",
      "-0.963078\n",
      " 0.388801 -0.901099  0.191973  0.359231\n",
      " 0.879438  0.425091   0.21421  0.871273\n",
      "-0.274631 0.0855436  0.957737  0.963078\n",
      "        0         0         0         1\n",
      " -0.35971\n",
      " -0.87104\n",
      "-0.963205\n",
      " 0.389479 -0.900938  0.191353   0.35971\n",
      "  0.87923   0.42557  0.214112   0.87104\n",
      "-0.274336 0.0848513  0.957883  0.963205\n",
      "        0         0         0         1\n",
      "-0.360191\n",
      "-0.870806\n",
      "-0.963334\n",
      " 0.390162 -0.900776  0.190725  0.360191\n",
      " 0.879021  0.426052  0.214013  0.870806\n",
      "-0.274037 0.0841516   0.95803  0.963334\n",
      "        0         0         0         1\n",
      "-0.360675\n",
      " -0.87057\n",
      "-0.963466\n",
      " 0.390848 -0.900613  0.190089  0.360675\n",
      " 0.878811  0.426536  0.213913   0.87057\n",
      "-0.273733 0.0834445  0.958179  0.963466\n",
      "        0         0         0         1\n",
      "-0.361161\n",
      "-0.870334\n",
      "  -0.9636\n",
      " 0.391539 -0.900449  0.189444  0.361161\n",
      " 0.878599  0.427022  0.213812  0.870334\n",
      "-0.273424 0.0827299  0.958329    0.9636\n",
      "        0         0         0         1\n",
      "-0.361649\n",
      "-0.870097\n",
      "-0.963737\n",
      " 0.392234 -0.900283  0.188792  0.361649\n",
      " 0.878387   0.42751   0.21371  0.870097\n",
      " -0.27311 0.0820079  0.958481  0.963737\n",
      "        0         0         0         1\n",
      " -0.36214\n",
      "-0.869859\n",
      "-0.963876\n",
      " 0.392933 -0.900117  0.188131   0.36214\n",
      " 0.878173     0.428  0.213607  0.869859\n",
      "-0.272791 0.0812783  0.958634  0.963876\n",
      "        0         0         0         1\n",
      "-0.362633\n",
      " -0.86962\n",
      "-0.964019\n",
      " 0.393637 -0.899949  0.187462  0.362633\n",
      " 0.877959  0.428491  0.213503   0.86962\n",
      "-0.272467 0.0805412  0.958788  0.964019\n",
      "        0         0         0         1\n",
      "-0.363128\n",
      " -0.86938\n",
      "-0.964163\n",
      " 0.394344  -0.89978  0.186784  0.363128\n",
      " 0.877743  0.428985  0.213398   0.86938\n",
      "-0.272139 0.0797966  0.958944  0.964163\n",
      "        0         0         0         1\n",
      "-0.363626\n",
      " -0.86914\n",
      "-0.964311\n",
      " 0.395055 -0.899611  0.186098  0.363626\n",
      " 0.877527   0.42948  0.213292   0.86914\n",
      "-0.271805 0.0790444  0.959101  0.964311\n",
      "        0         0         0         1\n",
      "-0.364126\n",
      "-0.868898\n",
      "-0.964461\n",
      "  0.39577  -0.89944  0.185404  0.364126\n",
      "  0.87731  0.429977  0.213185  0.868898\n",
      "-0.271466 0.0782845  0.959259  0.964461\n",
      "        0         0         0         1\n",
      "-0.364628\n",
      "-0.868655\n",
      "-0.964613\n",
      " 0.396489 -0.899267  0.184701  0.364628\n",
      " 0.877091  0.430475  0.213077  0.868655\n",
      "-0.271122  0.077517  0.959418  0.964613\n",
      "        0         0         0         1\n",
      "-0.365132\n",
      "-0.868412\n",
      "-0.964768\n",
      " 0.397212 -0.899094   0.18399  0.365132\n",
      " 0.876872  0.430976  0.212968  0.868412\n",
      "-0.270773 0.0767419  0.959579  0.964768\n",
      "        0         0         0         1\n",
      "-0.365638\n",
      "-0.868168\n",
      "-0.964926\n",
      " 0.397938  -0.89892   0.18327  0.365638\n",
      " 0.876652  0.431478  0.212858  0.868168\n",
      "-0.270419 0.0759591  0.959741  0.964926\n",
      "        0         0         0         1\n",
      "-0.366146\n",
      "-0.867922\n",
      "-0.965087\n",
      " 0.398669 -0.898745  0.182541  0.366146\n",
      " 0.876431  0.431981  0.212748  0.867922\n",
      " -0.27006 0.0751685  0.959905  0.965087\n",
      "        0         0         0         1\n",
      "-0.366656\n",
      "-0.867676\n",
      " -0.96525\n",
      " 0.399403 -0.898568  0.181804  0.366656\n",
      " 0.876208  0.432486  0.212637  0.867676\n",
      "-0.269696 0.0743703  0.960069   0.96525\n",
      "        0         0         0         1\n",
      "-0.367168\n",
      " -0.86743\n",
      "-0.965416\n",
      " 0.400141  -0.89839  0.181058  0.367168\n",
      " 0.875985  0.432993  0.212524   0.86743\n",
      "-0.269327 0.0735642  0.960235  0.965416\n",
      "        0         0         0         1\n",
      "-0.367682\n",
      "-0.867182\n",
      "-0.965584\n",
      " 0.400883 -0.898212  0.180303  0.367682\n",
      " 0.875761  0.433501  0.212411  0.867182\n",
      "-0.268952 0.0727504  0.960402  0.965584\n",
      "        0         0         0         1\n",
      "-0.368197\n",
      "-0.866934\n",
      "-0.965755\n",
      " 0.401628 -0.898032  0.179539  0.368197\n",
      " 0.875537  0.434011  0.212297  0.866934\n",
      "-0.268572 0.0719287   0.96057  0.965755\n",
      "        0         0         0         1\n",
      "-0.368715\n",
      "-0.866685\n",
      "-0.965929\n",
      " 0.402377  -0.89785  0.178767  0.368715\n",
      " 0.875311  0.434522  0.212183  0.866685\n",
      "-0.268186 0.0710992   0.96074  0.965929\n",
      "        0         0         0         1\n",
      "-0.369234\n",
      "-0.866435\n",
      "-0.966105\n",
      " 0.403129 -0.897668  0.177985  0.369234\n",
      " 0.875084  0.435035  0.212067  0.866435\n",
      "-0.267796 0.0702618   0.96091  0.966105\n",
      "        0         0         0         1\n",
      "-0.369755\n",
      "-0.866184\n",
      "-0.966284\n",
      " 0.403885 -0.897485  0.177195  0.369755\n",
      " 0.874857  0.435549  0.211951  0.866184\n",
      "  -0.2674 0.0694166  0.961082  0.966284\n",
      "        0         0         0         1\n",
      "-0.370278\n",
      "-0.865933\n",
      "-0.966466\n",
      " 0.404644   -0.8973  0.176396  0.370278\n",
      " 0.874628  0.436064  0.211834  0.865933\n",
      "-0.266998 0.0685634  0.961255  0.966466\n",
      "        0         0         0         1\n",
      "-0.370802\n",
      "-0.865681\n",
      " -0.96665\n",
      " 0.405407 -0.897114  0.175587  0.370802\n",
      " 0.874399   0.43658  0.211716  0.865681\n",
      "-0.266591 0.0677022  0.961429   0.96665\n",
      "        0         0         0         1\n",
      "-0.371328\n",
